$:	-1.5	0.80623	[-1, -1, -1, -1, -3, -1, -3, -1, -2, -1]
%)	-0.4	1.0198	[-1, 0, -1, 0, 0, -2, -1, 2, -1, 0]
%-)	-1.5	1.43178	[-2, 0, -2, -2, -1, 2, -2, -3, -2, -3]
&-:	-0.4	1.42829	[-3, -1, 0, 0, -1, -1, -1, 2, -1, 2]
&:	-0.7	0.64031	[0, -1, -1, -1, 1, -1, -1, -1, -1, -1]
( '}{' )	1.6	0.66332	[1, 2, 2, 1, 1, 2, 2, 1, 3, 1]
(%	-0.9	0.9434	[0, 0, 1, -1, -1, -1, -2, -2, -1, -2]
('-:	2.2	1.16619	[4, 1, 4, 3, 1, 2, 3, 1, 2, 1]
(':	2.3	0.9	[1, 3, 3, 2, 2, 4, 2, 3, 1, 2]
((-:	2.1	0.53852	[2, 2, 2, 1, 2, 3, 2, 2, 3, 2]
(*	1.1	1.13578	[2, 1, 1, -1, 1, 2, 2, -1, 2, 2]
(-%	-0.7	1.26886	[-1, 2, 0, -1, -1, -2, 0, 0, -3, -1]
(-*	1.3	1.26886	[4, 1, 2, 0, 2, -1, 1, 2, 1, 1]
(-:	1.6	0.8	[2, 2, 1, 3, 1, 1, 1, 3, 1, 1]
(-:0	2.8	0.87178	[3, 2, 3, 4, 3, 2, 3, 1, 4, 3]
(-:<	-0.4	2.15407	[-3, 3, -1, -1, 2, -1, -2, 3, -3, -1]
(-:o	1.5	0.67082	[3, 1, 1, 2, 2, 2, 1, 1, 1, 1]
(-:O	1.5	0.67082	[3, 1, 1, 2, 2, 2, 1, 1, 1, 1]
(-:{	-0.1	1.57797	[-2, -3, 1, -2, 1, 1, 0, 0, 2, 1]
(-:|>*	1.9	0.83066	[3, 2, 2, 1, 0, 2, 3, 2, 2, 2]
(-;	1.3	1.18743	[3, 2, 3, 0, 1, -1, 1, 2, 1, 1]
(-;|	2.1	1.13578	[3, 2, 2, 4, 1, 1, 1, 4, 2, 1]
(8	2.6	1.0198	[4, 2, 1, 3, 3, 3, 3, 1, 2, 4]
(:	2.2	1.16619	[3, 1, 1, 2, 1, 2, 4, 3, 4, 1]
(:0	2.4	1.11355	[0, 2, 3, 4, 3, 2, 3, 3, 1, 3]
(:<	-0.2	2.03961	[-2, -3, 1, 1, 2, -1, 2, 1, -4, 1]
(:o	2.5	0.92195	[3, 3, 1, 3, 3, 1, 2, 2, 4, 3]
(:O	2.5	0.92195	[3, 3, 1, 3, 3, 1, 2, 2, 4, 3]
(;	1.1	1.22066	[3, 1, 1, -1, 1, 2, 2, -1, 1, 2]
(;<	0.3	1.00499	[1, 2, -1, -1, 0, 0, 1, -1, 1, 1]
(=	2.2	1.16619	[3, 1, 2, 2, 1, 1, 4, 3, 4, 1]
(?:	2.1	0.83066	[2, 2, 1, 3, 2, 2, 4, 1, 2, 2]
(^:	1.5	0.67082	[1, 2, 2, 1, 3, 2, 1, 1, 1, 1]
(^;	1.5	0.5	[1, 2, 2, 1, 2, 1, 2, 1, 1, 2]
(^;0	2.0	0.7746	[2, 2, 1, 2, 1, 4, 2, 2, 2, 2]
(^;o	1.9	0.83066	[2, 2, 1, 2, 1, 4, 2, 1, 2, 2]
(o:	1.6	0.8	[2, 1, 3, 1, 1, 1, 2, 3, 1, 1]
)':	-2.0	0.44721	[-2, -2, -2, -2, -1, -3, -2, -2, -2, -2]
)-':	-2.1	0.53852	[-2, -2, -3, -2, -1, -2, -3, -2, -2, -2]
)-:	-2.1	0.9434	[-3, -2, -4, -1, -3, -2, -2, -2, -1, -1]
)-:<	-2.2	0.4	[-2, -2, -2, -2, -2, -2, -3, -3, -2, -2]
)-:{	-2.1	0.9434	[-1, -3, -2, -1, -2, -2, -3, -4, -1, -2]
):	-1.8	0.87178	[-1, -3, -1, -2, -1, -3, -1, -3, -1, -2]
):<	-1.9	0.53852	[-1, -3, -2, -2, -2, -1, -2, -2, -2, -2]
):{	-2.3	0.78102	[-1, -2, -3, -3, -2, -2, -4, -2, -2, -2]
);<	-2.6	0.8	[-2, -2, -2, -3, -2, -3, -2, -2, -4, -4]
*)	0.6	1.42829	[1, -1, 1, -3, 1, 1, 2, 1, 1, 2]
*-)	0.3	1.61555	[1, -3, -2, 2, 1, 1, -1, 2, 1, 1]
*-:	2.1	1.51327	[2, 2, 4, 4, 2, 1, -1, 4, 1, 2]
*-;	2.4	1.62481	[2, 3, 4, 4, 2, 1, -1, 4, 1, 4]
*:	1.9	1.04403	[2, 1, 1, 3, 1, 2, 4, 3, 1, 1]
*<|:-)	1.6	1.28062	[0, 1, 3, 1, 1, 2, 3, 0, 4, 1]
*\0/*	2.3	1.00499	[2, 0, 3, 1, 3, 3, 2, 3, 3, 3]
*^:	1.6	1.42829	[2, 2, 1, 3, 2, 2, 3, 3, -1, -1]
,-:	1.2	0.4	[1, 1, 2, 1, 1, 1, 1, 1, 2, 1]
---'-;-{@	2.3	1.18743	[0, 1, 3, 4, 2, 3, 2, 2, 2, 4]
--<--<@	2.2	1.249	[0, 1, 2, 4, 2, 1, 3, 2, 3, 4]
.-:	-1.2	0.4	[-1, -1, -1, -1, -1, -1, -2, -1, -2, -1]
..###-:	-1.7	0.78102	[-2, -3, -3, -2, -1, -1, -1, -1, -1, -2]
..###:	-1.9	1.04403	[-4, -1, -3, -1, -2, -2, -1, -3, -1, -1]
/-:	-1.3	0.64031	[-1, -1, -1, -1, -1, -1, -1, -2, -3, -1]
/:	-1.3	0.45826	[-2, -1, -1, -1, -2, -1, -1, -2, -1, -1]
/:<	-1.4	0.4899	[-1, -2, -2, -1, -1, -1, -1, -1, -2, -2]
/=	-0.9	0.53852	[-1, -1, -1, 0, -1, -2, -1, -1, -1, 0]
/^:	-1.0	0.7746	[-2, -1, -2, 1, -1, -1, -1, -1, -1, -1]
/o:	-1.4	0.66332	[0, -2, -1, -1, -2, -2, -1, -2, -1, -2]
0-8	0.1	1.44568	[2, -1, -2, 0, 2, 0, 2, 0, -2, 0]
0-|	-1.2	0.4	[-2, -1, -1, -1, -1, -1, -1, -1, -2, -1]
0:)	1.9	1.04403	[2, 2, 2, 1, 0, 2, 4, 1, 3, 2]
0:-)	1.4	0.91652	[2, 1, 0, 1, 2, 3, 2, 1, 2, 0]
0:-3	1.5	0.92195	[2, 1, 0, 2, 2, 3, 2, 1, 2, 0]
0:03	1.9	1.22066	[2, 3, 2, 0, 0, 1, 4, 2, 3, 2]
0;^)	1.6	0.91652	[0, 1, 3, 1, 2, 1, 2, 1, 2, 3]
0_o	-0.3	0.78102	[0, -2, 0, 1, 0, 0, -1, 0, -1, 0]
10q	2.1	1.22066	[1, 3, 1, 2, 1, 4, 3, 4, 1, 1]
1337	2.1	1.13578	[3, 1, 4, 0, 2, 3, 1, 2, 2, 3]
143	3.2	0.74833	[4, 4, 2, 3, 2, 3, 4, 3, 4, 3]
1432	2.6	0.8	[4, 3, 3, 2, 2, 4, 2, 2, 2, 2]
14aa41	2.4	0.91652	[3, 2, 2, 4, 2, 2, 1, 2, 4, 2]
182	-2.9	1.3	[-4, 0, -3, -3, -1, -3, -4, -4, -4, -3]
187	-3.1	1.22066	[-4, 0, -4, -3, -2, -4, -3, -3, -4, -4]
2g2b4g	2.8	0.6	[4, 2, 3, 2, 3, 3, 3, 3, 2, 3]
2g2bt	-0.1	1.57797	[-1, 2, -1, 1, 0, 2, 0, -3, -2, 1]
2qt	2.1	0.83066	[3, 3, 3, 3, 2, 1, 2, 1, 2, 1]
3:(	-2.2	0.87178	[-4, -3, -2, -3, -2, -1, -1, -2, -2, -2]
3:)	0.5	1.28452	[-2, 1, -2, 1, 1, 1, 1, 2, 1, 1]
3:-(	-2.3	0.78102	[-2, -3, -2, -2, -2, -2, -4, -1, -3, -2]
3:-)	-1.4	1.35647	[-1, -2, 1, 1, -2, -2, -3, -1, -3, -2]
4col	-2.2	1.16619	[-2, -3, -1, -3, -4, -1, -2, -1, -4, -1]
4q	-3.1	1.51327	[-3, -3, -4, -2, -4, -4, -4, 1, -4, -4]
5fs	1.5	1.11803	[1, 2, 1, 1, 2, 3, 2, 3, -1, 1]
8)	1.9	0.7	[2, 2, 2, 1, 1, 2, 2, 3, 3, 1]
8-d	1.7	0.64031	[1, 2, 0, 2, 2, 2, 2, 2, 2, 2]
8-o	-0.3	0.78102	[1, -1, 0, 0, 0, -1, 0, -2, 0, 0]
86	-1.6	1.0198	[-1, -1, -1, -1, -1, -4, -1, -2, -1, -3]
8d	2.9	0.53852	[3, 3, 4, 2, 3, 3, 3, 3, 2, 3]
:###..	-2.4	0.91652	[-3, -2, -4, -3, -1, -2, -2, -3, -1, -3]
:$	-0.2	1.83303	[-2, -1, 0, 0, -1, 1, 4, -3, 1, -1]
:&	-0.6	1.0198	[-2, -1, 0, 0, -1, -1, 1, -2, 1, -1]
:'(	-2.2	0.74833	[-2, -1, -2, -2, -2, -2, -4, -3, -2, -2]
:')	2.3	0.78102	[3, 1, 3, 2, 2, 2, 2, 4, 2, 2]
:'-(	-2.4	0.66332	[-2, -1, -2, -3, -2, -3, -3, -3, -2, -3]
:'-)	2.7	0.64031	[2, 1, 3, 3, 3, 3, 3, 3, 3, 3]
:(	-1.9	1.13578	[-2, -3, -2, 0, -1, -1, -2, -3, -1, -4]
:)	2.0	1.18322	[2, 2, 1, 1, 1, 1, 4, 3, 4, 1]
:*	2.5	1.0247	[3, 2, 1, 1, 2, 3, 4, 3, 4, 2]
:-###..	-2.5	0.92195	[-3, -2, -3, -2, -4, -3, -1, -3, -1, -3]
:-&	-0.5	0.92195	[-1, -1, 0, -1, -1, -1, -1, 0, 2, -1]
:-(	-1.5	0.5	[-2, -1, -1, -1, -2, -2, -2, -1, -2, -1]
:-)	1.3	0.45826	[1, 1, 1, 1, 2, 1, 2, 1, 2, 1]
:-))	2.8	1.07703	[3, 4, 4, 1, 2, 2, 4, 2, 4, 2]
:-*	1.7	0.64031	[1, 2, 1, 1, 1, 3, 2, 2, 2, 2]
:-,	1.1	0.53852	[1, 1, 1, 0, 1, 1, 1, 1, 2, 2]
:-.	-0.9	0.53852	[-1, -1, 0, -1, 0, -1, -1, -1, -2, -1]
:-/	-1.2	0.6	[0, -1, -1, -1, -1, -2, -2, -1, -1, -2]
:-<	-1.5	0.5	[-2, -1, -1, -2, -1, -2, -2, -1, -2, -1]
:-d	2.3	0.45826	[2, 2, 3, 3, 2, 3, 2, 2, 2, 2]
:-D	2.3	0.45826	[2, 2, 3, 3, 2, 3, 2, 2, 2, 2]
:-o	0.1	1.3	[2, -1, -2, 0, 1, 1, 2, 0, -1, -1]
:-p	1.2	0.4	[1, 2, 1, 1, 1, 1, 2, 1, 1, 1]
:-[	-1.6	0.4899	[-1, -2, -1, -2, -2, -1, -2, -1, -2, -2]
:-\	-0.9	0.3	[-1, -1, -1, -1, -1, -1, -1, 0, -1, -1]
:-c	-1.3	0.45826	[-1, -1, -1, -2, -2, -1, -2, -1, -1, -1]
:-p	1.5	0.5	[1, 1, 1, 1, 1, 2, 2, 2, 2, 2]
:-|	-0.7	0.64031	[-1, -1, 0, 0, 0, -1, -1, -2, 0, -1]
:-||	-2.5	0.67082	[-2, -2, -2, -3, -2, -3, -3, -2, -2, -4]
:-Þ	0.9	1.04403	[1, -1, 1, 2, 1, -1, 1, 2, 2, 1]
:/	-1.4	0.66332	[-1, -1, -1, -1, -1, -1, -3, -2, -2, -1]
:3	2.3	1.26886	[4, 1, 1, 1, 2, 2, 4, 3, 4, 1]
:<	-2.1	0.7	[-3, -1, -2, -2, -2, -2, -3, -3, -2, -1]
:>	2.1	1.22066	[3, 1, 1, 1, 1, 2, 4, 3, 4, 1]
:?)	1.3	0.64031	[3, 1, 1, 1, 1, 2, 1, 1, 1, 1]
:?c	-1.6	0.4899	[-1, -2, -1, -1, -2, -2, -1, -2, -2, -2]
:@	-2.5	0.80623	[-1, -3, -3, -2, -1, -3, -3, -3, -3, -3]
:d	2.3	1.1	[4, 2, 2, 1, 2, 1, 4, 3, 3, 1]
:D	2.3	1.1	[4, 2, 2, 1, 2, 1, 4, 3, 3, 1]
:l	-1.7	0.9	[-1, -3, -1, -1, -1, -3, -2, -3, -1, -1]
:o	-0.4	1.35647	[2, -1, -2, 0, 1, 0, -3, 0, -1, 0]
:p	1.0	0.7746	[-1, 1, 1, 1, 1, 1, 2, 1, 2, 1]
:s	-1.2	0.9798	[-2, -2, -1, -1, -1, 1, -3, -1, -1, -1]
:[	-2.0	0.63246	[-2, -2, -1, -2, -2, -3, -3, -2, -1, -2]
:\	-1.3	0.45826	[-2, -1, -1, -1, -1, -1, -2, -1, -1, -2]
:]	2.2	1.16619	[3, 1, 1, 1, 3, 1, 4, 2, 2, 4]
:^)	2.1	1.13578	[3, 2, 4, 1, 1, 1, 1, 2, 4, 2]
:^*	2.6	0.91652	[2, 1, 2, 3, 4, 4, 3, 2, 3, 2]
:^/	-1.2	0.6	[-2, -1, -2, 0, -1, -1, -1, -1, -2, -1]
:^\	-1.0	0.44721	[-1, -1, -1, -1, -1, -2, 0, -1, -1, -1]
:^|	-1.0	0.0	[-1, -1, -1, -1, -1, -1, -1, -1, -1, -1]
:c	-2.1	0.83066	[-3, -2, -1, -2, -2, -1, -3, -3, -3, -1]
:c)	2.0	1.18322	[2, 1, 1, 1, 1, 2, 3, 4, 4, 1]
:o)	2.1	0.9434	[1, 3, 3, 1, 1, 3, 2, 3, 1, 3]
:o/	-1.4	0.4899	[-1, -1, -1, -2, -1, -1, -2, -2, -1, -2]
:o\	-1.1	0.3	[-1, -1, -1, -2, -1, -1, -1, -1, -1, -1]
:o|	-0.6	1.0198	[0, 0, 0, 0, -1, 0, 0, -3, 0, -2]
:P	1.4	0.8	[3, 1, 0, 2, 1, 1, 2, 2, 1, 1]
:{	-1.9	0.83066	[-2, -1, -1, -2, -2, -1, -3, -3, -3, -1]
:|	-0.4	1.11355	[-1, -1, 0, -1, -1, -1, 1, -2, 2, 0]
:}	2.1	1.22066	[3, 1, 1, 1, 2, 1, 4, 3, 4, 1]
:Þ	1.1	0.53852	[1, 1, 1, 1, 0, 1, 1, 2, 2, 1]
;)	0.9	1.04403	[2, -1, 1, 1, 1, 1, -1, 2, 2, 1]
;-)	1.0	1.73205	[1, -2, 1, -2, 1, 4, 2, 1, 2, 2]
;-*	2.2	0.74833	[2, 2, 1, 3, 4, 2, 2, 2, 2, 2]
;-]	0.7	1.67631	[1, -2, 1, -3, 1, 2, 2, 1, 2, 2]
;d	0.8	1.249	[2, -1, 2, 1, 1, 1, -2, 2, 1, 1]
;D	0.8	1.249	[2, -1, 2, 1, 1, 1, -2, 2, 1, 1]
;]	0.6	1.11355	[1, -1, 1, 1, 1, 1, -2, 2, 1, 1]
;^)	1.4	0.91652	[2, 2, 1, 2, 1, 2, -1, 1, 2, 2]
</3	-3.0	1.0	[-3, -3, -4, -3, -4, -1, -2, -2, -4, -4]
<3	1.9	1.13578	[3, 2, 1, 3, 1, 4, 2, 0, 1, 2]
<:	2.1	1.13578	[3, 2, 4, 1, 1, 1, 1, 2, 4, 2]
<:-|	-1.4	0.66332	[-1, -1, -1, -2, -2, -1, -3, -1, -1, -1]
=)	2.2	1.16619	[4, 2, 3, 3, 2, 1, 1, 4, 1, 1]
=-3	2.0	0.63246	[2, 2, 2, 3, 1, 3, 1, 2, 2, 2]
=-d	2.4	0.91652	[2, 2, 1, 3, 2, 4, 2, 4, 2, 2]
=-D	2.4	0.91652	[2, 2, 1, 3, 2, 4, 2, 4, 2, 2]
=/	-1.4	0.91652	[-1, -1, -1, -1, -1, -2, -1, -1, -4, -1]
=3	2.1	0.7	[3, 1, 2, 1, 2, 3, 2, 2, 3, 2]
=d	2.3	0.45826	[3, 2, 2, 2, 2, 3, 2, 2, 2, 3]
=D	2.3	0.45826	[3, 2, 2, 2, 2, 3, 2, 2, 2, 3]
=l	-1.2	0.6	[-2, -1, -1, 0, -2, -1, -2, -1, -1, -1]
=\	-1.2	0.6	[-2, -1, -1, 0, -2, -1, -2, -1, -1, -1]
=]	1.6	0.8	[2, 1, 3, 1, 1, 1, 2, 3, 1, 1]
=p	1.3	0.9	[2, 1, 2, 1, 2, -1, 1, 2, 2, 1]
=|	-0.8	0.87178	[-2, -1, -2, 1, 0, -1, 0, -1, -1, -1]
>-:	-2.0	0.89443	[-2, -3, -2, -4, -1, -1, -1, -2, -2, -2]
>.<	-1.3	0.45826	[-1, -2, -1, -2, -2, -1, -1, -1, -1, -1]
>:	-2.1	1.13578	[-4, -1, -1, -4, -2, -3, -1, -1, -2, -2]
>:(	-2.7	0.64031	[-2, -3, -2, -3, -3, -2, -4, -2, -3, -3]
>:)	0.4	1.42829	[1, 1, 2, 1, -1, -2, 1, 2, -2, 1]
>:-(	-2.7	0.78102	[-3, -2, -3, -2, -4, -2, -3, -2, -2, -4]
>:-)	-0.4	1.68523	[1, 2, 1, -2, -2, -1, -1, -3, -1, 2]
>:/	-1.6	0.8	[-1, -2, -1, -3, -1, -1, -1, -1, -2, -3]
>:o	-1.2	1.16619	[-3, -1, -2, 0, -2, -2, 0, -1, 1, -2]
>:p	1.0	0.7746	[-1, 1, 1, 2, 1, 2, 1, 1, 1, 1]
>:[	-2.1	0.53852	[-2, -2, -2, -2, -3, -3, -2, -1, -2, -2]
>:\	-1.7	0.64031	[-1, -2, -1, -2, -2, -3, -1, -1, -2, -2]
>;(	-2.9	0.7	[-3, -4, -3, -2, -2, -3, -3, -3, -2, -4]
>;)	0.1	1.04403	[-1, 1, 0, -1, 2, 0, -1, 1, 1, -1]
>_>^	2.1	0.9434	[2, 2, 1, 4, 3, 2, 1, 3, 1, 2]
@:	-2.1	0.9434	[-3, -2, -3, -1, -2, -4, -1, -2, -1, -2]
@>-->--	2.1	1.22066	[1, 1, 0, 2, 4, 2, 4, 2, 3, 2]
@}-;-'---	2.2	1.32665	[0, 1, 3, 2, 1, 4, 4, 1, 3, 3]
aas	2.5	0.80623	[2, 3, 3, 4, 1, 2, 3, 2, 2, 3]
aayf	2.7	0.78102	[2, 3, 2, 4, 3, 2, 2, 3, 4, 2]
afu	-2.9	0.83066	[-3, -3, -3, -3, -3, -1, -4, -4, -2, -3]
alol	2.8	0.74833	[2, 2, 2, 3, 3, 2, 3, 4, 4, 3]
ambw	2.9	0.7	[2, 3, 4, 2, 3, 2, 3, 3, 4, 3]
aml	3.4	0.66332	[4, 3, 2, 4, 3, 3, 4, 4, 3, 4]
atab	-1.9	1.22066	[-2, 0, -1, -2, -1, -1, -2, -4, -4, -2]
awol	-1.3	0.78102	[0, -1, -1, -1, -1, -1, -2, -2, -3, -1]
ayc	0.2	0.9798	[0, 1, -1, 1, 0, 1, 0, -1, 2, -1]
ayor	-1.2	0.6	[-1, -1, -2, -2, -1, -1, -1, 0, -2, -1]
aug-00	0.3	1.18743	[2, 0, -2, 0, 0, 1, -1, 2, 1, 0]
bfd	-2.7	0.78102	[-3, -2, -4, -2, -3, -2, -3, -2, -4, -2]
bfe	-2.6	1.35647	[-3, -3, -4, -2, -3, -2, 1, -3, -4, -3]
bff	2.9	0.83066	[3, 3, 4, 2, 4, 2, 2, 3, 4, 2]
bffn	1.0	0.89443	[2, 1, -1, 1, 0, 1, 2, 1, 2, 1]
bl	2.3	1.1	[2, 1, 4, 1, 2, 2, 4, 3, 1, 3]
bsod	-2.2	1.07703	[-1, -4, -3, -3, 0, -2, -3, -2, -2, -2]
btd	-2.1	0.83066	[-1, -2, -3, -3, -3, -1, -3, -2, -1, -2]
btdt	-0.1	1.22066	[0, -1, 0, -1, 0, 3, 1, -1, -1, -1]
bz	0.4	1.35647	[-1, 0, 0, 0, 4, 1, -1, 1, 0, 0]
b^d	2.6	0.8	[3, 2, 2, 4, 3, 1, 3, 3, 3, 2]
cwot	-2.3	0.45826	[-3, -2, -2, -2, -2, -3, -2, -3, -2, -2]
d-':	-2.5	0.67082	[-3, -3, -2, -2, -2, -4, -2, -3, -2, -2]
d8	-3.2	0.6	[-3, -3, -3, -3, -4, -4, -2, -3, -3, -4]
d:	-2.9	0.83066	[-3, -3, -3, -3, -2, -4, -1, -3, -3, -4]
d:<	-3.2	0.9798	[-4, -4, -4, -1, -3, -3, -4, -2, -3, -4]
d;	-2.9	0.83066	[-1, -3, -3, -3, -3, -4, -2, -3, -3, -4]
d=	-3.0	0.89443	[-4, -3, -3, -3, -2, -4, -1, -3, -3, -4]
doa	-2.3	1.00499	[-2, -3, -3, -2, -2, -2, -4, 0, -2, -3]
dx	-3.0	0.63246	[-3, -2, -3, -3, -4, -3, -4, -2, -3, -3]
ez	1.5	0.67082	[3, 2, 2, 1, 1, 1, 2, 1, 1, 1]
fav	2.4	0.91652	[3, 1, 3, 2, 2, 3, 1, 2, 3, 4]
fcol	-1.8	0.74833	[-2, -2, -1, -2, -1, -2, -1, -3, -3, -1]
ff	1.8	1.249	[4, 2, 1, 2, 1, 3, 3, 0, 2, 0]
ffs	-2.8	0.9798	[-2, -2, -3, -3, -2, -4, -4, -4, -1, -3]
fkm	-2.4	1.35647	[-4, -1, -4, -2, -2, -3, -1, 0, -3, -4]
foaf	1.8	1.249	[2, 1, 2, 0, 4, 1, 1, 1, 2, 4]
ftw	2.0	0.7746	[2, 1, 1, 2, 2, 2, 3, 3, 1, 3]
fu	-3.7	0.45826	[-3, -4, -4, -3, -3, -4, -4, -4, -4, -4]
fubar	-3.0	1.09545	[-4, -3, -3, -4, -3, -3, -3, -4, 0, -3]
fwb	2.5	1.43178	[2, 3, 4, 0, 1, 2, 4, 1, 4, 4]
fyi	0.8	1.66132	[0, 1, 0, -1, 0, 0, 4, 4, 0, 0]
fysa	0.4	0.91652	[0, 0, 0, 1, 0, 3, 0, 0, 0, 0]
g1	1.4	0.4899	[2, 1, 1, 1, 2, 1, 2, 1, 1, 2]
gg	1.2	0.74833	[0, 2, 2, 1, 0, 1, 2, 2, 1, 1]
gga	1.7	0.45826	[2, 2, 1, 2, 2, 1, 2, 2, 1, 2]
gigo	-0.6	1.11355	[-2, -1, 1, 0, 0, 0, -1, -2, -2, 1]
gj	2.0	1.0	[2, 1, 2, 1, 1, 3, 4, 2, 3, 1]
gl	1.3	0.64031	[1, 1, 1, 1, 3, 1, 1, 2, 1, 1]
gla	2.5	0.92195	[1, 2, 2, 4, 2, 4, 2, 3, 3, 2]
gn	1.2	0.74833	[1, 1, 1, 1, 3, 1, 1, 2, 1, 0]
gr8	2.7	0.78102	[1, 3, 3, 4, 3, 2, 3, 2, 3, 3]
grrr	-0.4	1.42829	[-2, -1, 0, 1, -2, -1, -1, 3, 0, -1]
gt	1.1	0.53852	[1, 1, 1, 1, 1, 1, 2, 1, 0, 2]
h&k	2.3	0.78102	[2, 2, 2, 3, 4, 2, 3, 2, 1, 2]
hagd	2.2	0.87178	[2, 2, 3, 2, 1, 3, 4, 1, 2, 2]
hagn	2.2	0.87178	[2, 2, 3, 2, 1, 3, 4, 1, 2, 2]
hago	1.2	0.4	[1, 2, 1, 1, 1, 2, 1, 1, 1, 1]
hak	1.9	0.7	[3, 1, 2, 2, 1, 2, 3, 2, 1, 2]
hand	2.2	0.87178	[2, 2, 1, 3, 2, 3, 4, 1, 2, 2]
hho1/2k	1.4	1.11355	[1, -1, 2, 3, 1, 1, 1, 2, 3, 1]
hhoj	2.0	1.09545	[4, 2, 1, 1, 2, 1, 1, 4, 2, 2]
hhok	0.9	0.9434	[1, 2, 1, 0, -1, 0, 2, 1, 1, 2]
hugz	2.0	0.7746	[2, 3, 1, 3, 1, 3, 1, 2, 2, 2]
hi5	1.9	0.53852	[2, 2, 2, 1, 3, 2, 1, 2, 2, 2]
idk	-0.4	0.66332	[0, 0, 0, 0, -1, -2, 0, 0, 0, -1]
ijs	0.7	1.84662	[0, -1, 0, -1, 0, 4, 0, 4, -1, 2]
ilu	3.4	0.66332	[3, 4, 3, 4, 2, 3, 4, 3, 4, 4]
iluaaf	2.7	1.1	[3, 3, 3, 2, 3, 0, 4, 3, 2, 4]
ily	3.4	0.66332	[3, 4, 3, 4, 2, 3, 4, 3, 4, 4]
ily2	2.6	0.66332	[3, 2, 3, 2, 3, 2, 3, 4, 2, 2]
iou	0.7	1.34536	[0, 0, -1, 2, 0, 0, 0, 4, 1, 1]
iyq	2.3	1.18743	[3, 3, 1, 1, 2, 1, 4, 4, 3, 1]
j/j	2.0	1.34164	[4, 1, 1, 1, 1, 4, 4, 1, 2, 1]
j/k	1.6	1.2	[1, 2, 1, 3, 0, 0, 2, 2, 1, 4]
j/p	1.4	0.66332	[1, 1, 0, 2, 1, 2, 2, 2, 1, 2]
j/t	-0.2	1.46969	[1, -1, -1, -2, 1, 1, 2, -2, 1, -2]
j/w	1.0	1.0	[1, 1, 1, 3, 0, 0, 0, 2, 0, 2]
j4f	1.4	0.8	[2, 1, 1, 0, 3, 1, 1, 1, 2, 2]
j4g	1.7	1.18743	[1, 4, 1, 1, 3, 1, 3, 0, 2, 1]
jho	0.8	0.4	[1, 1, 1, 1, 0, 1, 1, 1, 0, 1]
jhomf	1.0	0.63246	[1, 1, 1, 0, 1, 0, 2, 2, 1, 1]
jj	1.0	0.63246	[1, 1, 1, 1, 2, 0, 2, 1, 1, 0]
jk	0.9	1.22066	[1, 0, 0, 1, 0, 0, 2, 1, 4, 0]
jp	0.8	0.74833	[1, 1, 1, 0, 2, 0, 2, 0, 1, 0]
jt	0.9	0.83066	[1, 1, 0, 2, 2, 0, 2, 0, 1, 0]
jw	1.6	1.68523	[3, 0, 0, 0, 0, 0, 3, 4, 2, 4]
jealz	-1.2	0.9798	[-1, -1, -1, 1, -2, -2, -1, -3, -1, -1]
k4y	2.3	1.00499	[2, 1, 1, 2, 4, 2, 3, 4, 2, 2]
kfy	2.3	0.64031	[2, 2, 2, 1, 3, 2, 3, 3, 2, 3]
kia	-3.2	0.6	[-3, -3, -3, -4, -3, -2, -3, -3, -4, -4]
kk	1.5	1.0247	[2, 1, 0, 0, 1, 2, 3, 3, 2, 1]
kmuf	2.2	1.4	[2, 2, 2, 3, 4, 3, -1, 1, 4, 2]
l	2.0	0.7746	[2, 1, 2, 3, 2, 3, 1, 3, 2, 1]
l&r	2.2	0.74833	[3, 2, 2, 3, 1, 3, 1, 3, 2, 2]
laoj	1.3	1.73494	[1, -2, -1, 3, 3, 2, 4, 1, 1, 1]
lmao	2.0	1.18322	[3, 0, 3, 0, 3, 1, 3, 2, 3, 2]
lmbao	1.8	1.77764	[3, 2, 2, 2, 1, 3, -3, 2, 4, 2]
lmfao	2.5	1.28452	[3, 2, 3, 3, 3, -1, 4, 2, 3, 2]
lmso	2.7	0.78102	[3, 3, 4, 3, 3, 1, 3, 3, 2, 2]
lol	2.9	0.83066	[4, 2, 2, 2, 4, 2, 3, 3, 4, 3]
lolz	2.7	0.78102	[2, 3, 3, 2, 2, 4, 4, 3, 2, 2]
lts	1.6	0.66332	[1, 1, 2, 2, 1, 3, 1, 1, 2, 2]
ly	2.6	0.91652	[2, 2, 1, 3, 4, 4, 3, 2, 2, 3]
ly4e	2.7	0.78102	[3, 3, 3, 2, 1, 3, 3, 4, 2, 3]
lya	3.3	0.78102	[3, 4, 4, 4, 2, 2, 3, 4, 3, 4]
lyb	3.0	0.63246	[3, 3, 4, 3, 2, 3, 2, 4, 3, 3]
lyl	3.1	0.7	[4, 3, 4, 3, 2, 3, 3, 2, 4, 3]
lylab	2.7	0.78102	[3, 3, 3, 1, 3, 4, 2, 2, 3, 3]
lylas	2.6	0.8	[3, 3, 3, 1, 3, 4, 2, 2, 2, 3]
lylb	1.6	1.56205	[2, 2, 3, -2, 4, 1, 3, 1, 1, 1]
m8	1.4	1.0198	[3, 0, 1, 0, 1, 3, 2, 2, 1, 1]
mia	-1.2	0.4	[-2, -1, -1, -2, -1, -1, -1, -1, -1, -1]
mml	2.0	1.0	[1, 1, 2, 3, 3, 2, 1, 2, 4, 1]
mofo	-2.4	2.2	[-4, -4, -4, 0, -3, -2, -2, -4, 3, -4]
muah	2.8	1.07703	[1, 2, 4, 4, 4, 2, 4, 2, 2, 3]
mubar	-1.0	2.36643	[-4, -2, -3, -2, -2, -2, 1, 4, 2, -2]
musm	0.9	2.07123	[-1, 1, 1, 1, 4, 3, 1, -4, 1, 2]
mwah	2.5	0.80623	[2, 2, 2, 4, 2, 3, 2, 2, 4, 2]
n1	1.9	1.04403	[1, 1, 3, 2, 2, 3, 4, 1, 1, 1]
nbd	1.3	1.34536	[2, 1, 0, 0, 0, 4, 2, 0, 3, 1]
nbif	-0.5	0.67082	[-1, -2, 0, 0, 0, 0, -1, -1, 0, 0]
nfc	-2.7	0.9	[-3, -2, -2, -3, -1, -2, -4, -3, -4, -3]
nfw	-2.4	1.0198	[-2, -2, -1, -3, -1, -2, -4, -3, -4, -2]
nh	2.2	0.6	[2, 2, 2, 2, 1, 3, 3, 3, 2, 2]
nimby	-0.8	0.6	[0, 0, -1, 0, -1, -2, -1, -1, -1, -1]
nimjd	-0.7	0.78102	[0, -2, -1, -2, 0, -1, 0, 0, 0, -1]
nimq	-0.2	0.6	[0, 0, 0, 0, 0, 0, 0, 0, -2, 0]
nimy	-1.4	1.68523	[-1, -2, -3, -2, -1, 2, -3, 0, 0, -4]
nitl	-1.5	0.92195	[-1, -1, -2, -3, -1, -3, -1, -2, 0, -1]
nme	-2.1	1.13578	[-1, -2, -2, -1, -4, -2, -3, -3, 0, -3]
noyb	-0.7	1.67631	[-1, -2, 0, -1, -1, -2, -2, -1, 4, -1]
np	1.4	1.0198	[0, 1, 1, 1, 1, 2, 2, 4, 1, 1]
ntmu	1.4	0.66332	[1, 1, 0, 1, 2, 2, 2, 2, 2, 1]
o-8	-0.5	1.5	[2, -1, 0, 0, -2, -2, 0, -2, 2, -2]
o-:	-0.3	1.18743	[2, -1, 0, 0, -1, -2, 0, -2, 1, 0]
o-|	-1.1	0.53852	[-1, -1, -1, 0, -1, -1, -1, -2, -2, -1]
o.o	-0.6	0.8	[-1, -1, -2, 0, 1, 0, -1, 0, -1, -1]
O.o	-0.6	0.8	[-1, -1, -2, 0, 1, 0, -1, 0, -1, -1]
o.O	-0.6	0.8	[-1, -1, -2, 0, 1, 0, -1, 0, -1, -1]
o:	-0.2	0.87178	[-1, 0, -1, -2, 0, 1, 0, 1, 0, 0]
o:)	1.5	0.67082	[3, 1, 1, 2, 2, 2, 1, 1, 1, 1]
o:-)	2.0	1.18322	[1, 4, 1, 2, 4, 1, 1, 2, 3, 1]
o:-3	2.2	0.9798	[1, 4, 2, 3, 3, 2, 1, 2, 3, 1]
o:3	2.3	0.78102	[3, 3, 2, 2, 1, 2, 4, 2, 2, 2]
o:<	-0.3	1.1	[-1, -1, -2, 0, -1, 0, 1, 2, 0, -1]
o;^)	1.6	0.8	[1, 2, 1, 2, 1, 2, 2, 0, 3, 2]
ok	1.6	1.42829	[0, 0, 1, 1, 1, 4, 3, 4, 1, 1]
o_o	-0.5	0.92195	[0, -1, 0, -2, -2, 0, -1, 1, 0, 0]
O_o	-0.5	0.92195	[0, -1, 0, -2, -2, 0, -1, 1, 0, 0]
o_O	-0.5	0.92195	[0, -1, 0, -2, -2, 0, -1, 1, 0, 0]
pita	-2.4	1.2	[-2, -1, -1, -4, -4, -2, -4, -2, -3, -1]
pls	0.3	0.45826	[0, 1, 1, 1, 0, 0, 0, 0, 0, 0]
plz	0.3	0.45826	[0, 1, 1, 1, 0, 0, 0, 0, 0, 0]
pmbi	0.8	1.32665	[3, 0, 0, 1, 1, -2, 2, 2, 0, 1]
pmfji	0.3	0.78102	[0, 0, 1, 0, 2, -1, 0, 1, 0, 0]
pmji	0.7	1.00499	[1, 2, 0, -1, 0, 0, 2, 2, 1, 0]
po	-2.6	0.91652	[-2, -3, -4, -3, -3, -3, -1, -3, -1, -3]
ptl	2.6	1.11355	[3, 4, 2, 4, 1, 2, 3, 1, 4, 2]
pu	-1.1	1.3	[-3, -1, -3, -2, -1, -1, -1, -1, 1, 1]
qq	-2.2	0.6	[-2, -2, -1, -3, -3, -2, -2, -3, -2, -2]
qt	1.8	0.6	[2, 2, 1, 2, 1, 3, 2, 1, 2, 2]
r&r	2.4	1.0198	[2, 4, 2, 3, 1, 4, 2, 2, 1, 3]
rofl	2.7	0.78102	[3, 2, 2, 2, 4, 4, 2, 3, 3, 2]
roflmao	2.5	1.11803	[4, 2, 2, 4, 1, 1, 2, 4, 3, 2]
rotfl	2.6	0.66332	[3, 2, 3, 3, 1, 3, 3, 3, 2, 3]
rotflmao	2.8	1.07703	[4, 3, 2, 4, 1, 1, 4, 3, 3, 3]
rotflmfao	2.5	1.11803	[3, 4, 1, 3, 3, 3, 0, 3, 2, 3]
rotflol	3.0	1.09545	[1, 4, 4, 4, 2, 2, 2, 3, 4, 4]
rotgl	2.9	0.7	[4, 3, 2, 2, 3, 3, 3, 2, 4, 3]
rotglmao	1.8	2.4	[3, 3, 4, 3, -1, 1, 4, -4, 2, 3]
s:	-1.1	0.83066	[-1, -1, -2, -2, -1, -1, -2, -1, 1, -1]
sapfu	-1.1	1.57797	[-2, 0, -3, -1, -1, 1, -2, 2, -2, -3]
sete	2.8	0.87178	[3, 3, 3, 2, 3, 3, 4, 4, 1, 2]
sfete	2.7	0.78102	[4, 3, 3, 3, 2, 4, 2, 2, 2, 2]
sgtm	2.4	1.0198	[2, 1, 1, 2, 3, 3, 2, 2, 4, 4]
slap	0.6	2.15407	[2, -1, 1, -1, 0, 4, -3, 4, 1, -1]
slaw	2.1	1.04403	[3, 2, 0, 2, 2, 2, 3, 1, 4, 2]
smh	-1.3	0.64031	[-2, -1, 0, -1, -1, -2, -2, -1, -2, -1]
snafu	-2.5	1.11803	[-3, -4, -3, -3, -1, 0, -2, -3, -3, -3]
sob	-2.8	0.9798	[-3, -4, -3, -2, -2, -1, -2, -4, -4, -3]
swak	2.3	1.00499	[2, 2, 2, 1, 4, 2, 3, 2, 1, 4]
tgif	2.3	1.34536	[1, 3, 3, 3, -1, 2, 4, 2, 3, 3]
thks	1.4	0.4899	[1, 2, 1, 2, 1, 2, 1, 1, 2, 1]
thx	1.5	0.92195	[0, 1, 3, 2, 1, 2, 1, 1, 3, 1]
tia	2.3	0.9	[3, 1, 2, 1, 4, 3, 2, 3, 2, 2]
tmi	-0.3	1.61555	[-1, -1, 2, -1, 1, -2, -2, -1, 3, -1]
tnx	1.1	0.53852	[2, 1, 1, 0, 1, 1, 2, 1, 1, 1]
true	1.8	1.32665	[2, 1, 1, 0, 1, 4, 3, 1, 4, 1]
tx	1.5	0.92195	[3, 2, 1, 0, 2, 1, 3, 1, 1, 1]
txs	1.1	0.7	[1, 2, 0, 1, 2, 0, 1, 2, 1, 1]
ty	1.6	0.66332	[1, 2, 3, 1, 2, 2, 1, 2, 1, 1]
tyvm	2.5	1.11803	[2, 2, 1, 3, 1, 4, 2, 4, 2, 4]
urw	1.9	1.13578	[1, 2, 1, 2, 4, 2, 4, 1, 1, 1]
vbg	2.1	1.75784	[2, 3, 3, 3, 3, -3, 3, 2, 2, 3]
vbs	3.1	0.53852	[2, 3, 3, 3, 4, 4, 3, 3, 3, 3]
vip	2.3	1.00499	[2, 1, 1, 3, 4, 2, 2, 4, 2, 2]
vwd	2.6	0.91652	[4, 2, 4, 2, 1, 3, 3, 2, 3, 2]
vwp	2.1	0.7	[3, 1, 2, 2, 3, 2, 2, 3, 1, 2]
wag	-0.2	0.74833	[-1, 0, 0, 0, 0, 0, -2, 1, 0, 0]
wd	2.7	1.1	[3, 1, 4, 3, 4, 2, 1, 3, 2, 4]
wilco	0.9	0.9434	[1, 3, 1, 0, 1, 0, 2, 1, 0, 0]
wp	1.0	0.0	[1, 1, 1, 1, 1, 1, 1, 1, 1, 1]
wtf	-2.8	0.74833	[-4, -3, -2, -3, -2, -2, -2, -4, -3, -3]
wtg	2.1	0.7	[1, 3, 2, 3, 2, 2, 2, 1, 2, 3]
wth	-2.4	0.4899	[-2, -3, -2, -3, -2, -2, -2, -3, -3, -2]
x-d	2.7	0.78102	[1, 3, 4, 2, 3, 3, 3, 2, 3, 3]
x-p	1.8	0.87178	[2, 1, 3, 1, 3, 1, 3, 1, 2, 1]
xd	2.7	0.9	[1, 4, 4, 3, 2, 2, 3, 3, 2, 3]
xlnt	3.0	0.89443	[4, 3, 3, 1, 4, 4, 3, 3, 3, 2]
xoxo	3.0	0.7746	[2, 2, 4, 2, 3, 3, 4, 3, 3, 4]
xoxozzz	2.3	0.78102	[3, 1, 2, 2, 2, 2, 3, 2, 4, 2]
xp	1.2	0.4	[1, 1, 1, 1, 2, 1, 2, 1, 1, 1]
xqzt	1.6	1.42829	[0, 2, 1, 2, 4, -1, 3, 1, 1, 3]
xtc	0.8	1.93907	[2, 0, -3, 3, 3, -1, 3, 1, -1, 1]
yolo	1.1	0.83066	[0, 1, 1, 2, 1, 1, 1, 3, 0, 1]
yoyo	0.4	1.85472	[-1, 0, -1, -1, 4, 2, -2, 2, 2, -1]
yvw	1.6	0.4899	[1, 2, 1, 1, 2, 2, 2, 1, 2, 2]
yw	1.8	1.32665	[1, 1, 1, 4, 1, 1, 4, 0, 3, 2]
ywia	2.5	1.11803	[3, 2, 3, 4, 1, 1, 1, 3, 3, 4]
zzz	-1.2	0.87178	[0, -1, 0, -1, -3, -1, -1, -2, -2, -1]
[-;	0.5	1.28452	[1, -1, -1, 1, 1, 1, 2, -2, 2, 1]
[:	1.3	0.45826	[1, 1, 2, 1, 2, 2, 1, 1, 1, 1]
[;	1.0	1.34164	[2, 1, 2, 2, 1, 2, 2, -2, -1, 1]
[=	1.7	0.64031	[2, 2, 1, 1, 1, 2, 2, 3, 2, 1]
\-:	-1.0	1.18322	[-3, -1, -1, -1, -1, -1, 2, -2, -1, -1]
\:	-1.0	0.0	[-1, -1, -1, -1, -1, -1, -1, -1, -1, -1]
\:<	-1.7	1.18743	[-1, -3, -2, -2, -3, -3, -2, -1, 1, -1]
\=	-1.1	0.3	[-1, -1, -1, -1, -1, -1, -1, -2, -1, -1]
\^:	-1.3	0.45826	[-1, -1, -1, -2, -1, -1, -1, -2, -2, -1]
\o/	2.2	0.9798	[2, 1, 1, 2, 4, 2, 2, 4, 2, 2]
\o:	-1.2	0.4	[-1, -1, -1, -1, -2, -1, -1, -2, -1, -1]
]-:	-2.1	0.53852	[-2, -3, -3, -2, -2, -2, -1, -2, -2, -2]
]:	-1.6	0.66332	[-1, -2, -1, -2, -3, -2, -1, -1, -1, -2]
]:<	-2.5	0.80623	[-2, -2, -2, -3, -4, -2, -2, -2, -2, -4]
^<_<	1.4	1.11355	[3, 1, 3, 2, 1, 1, 1, -1, 2, 1]
^urs	-2.8	0.6	[-2, -3, -3, -2, -3, -3, -2, -3, -4, -3]
d-:	1.6	0.66332	[1, 1, 1, 2, 2, 3, 1, 1, 2, 2]
d:	1.2	0.87178	[1, 1, 1, 2, 1, 1, 2, 2, -1, 2]
d=	1.5	0.67082	[1, 1, 1, 2, 3, 2, 1, 1, 1, 2]
h8	-2.7	1.00499	[-4, -3, -4, -1, -1, -3, -3, -3, -2, -3]
n00b	-1.6	0.8	[-1, -3, -1, -2, -2, -2, -2, -2, -1, 0]
o.o	-0.8	1.07703	[-1, -1, 0, -2, -1, -1, -2, 1, -2, 1]
o/\o	2.1	1.04403	[1, 2, 3, 1, 3, 4, 1, 2, 3, 1]
o_0	-0.1	0.53852	[-1, -1, 0, 0, 0, 0, 0, 0, 1, 0]
v.v	-2.9	0.9434	[-3, -3, -4, -3, -1, -3, -4, -2, -4, -2]
x-d	2.6	0.91652	[2, 3, 3, 4, 1, 2, 3, 4, 2, 2]
x-p	1.7	0.45826	[2, 2, 1, 2, 2, 1, 1, 2, 2, 2]
{:	1.8	0.9798	[1, 3, 2, 2, 1, 1, 4, 2, 1, 1]
|-0	-1.2	0.74833	[0, -2, -1, -1, -1, -1, -1, -1, -1, -3]
|-:	-0.8	0.74833	[-1, -2, 0, -1, 0, -2, -1, -1, 0, 0]
|-:>	-1.6	0.4899	[-1, -2, -2, -2, -2, -1, -1, -2, -2, -1]
|-o	-1.2	0.9798	[-1, 0, -1, -1, -1, -1, -1, -4, -1, -1]
|:	-0.5	1.68819	[2, -3, -1, 0, -1, -1, -1, -2, -1, 3]
|;-)	2.2	1.32665	[4, 1, 1, 1, 3, 2, 4, 1, 4, 1]
|=	-0.4	1.56205	[2, -2, -1, 0, -1, -1, -1, -2, -1, 3]
|^:	-1.1	0.7	[-2, 0, -1, -1, 0, -1, -1, -2, -2, -1]
|o:	-0.9	0.53852	[-1, 0, -1, -2, -1, 0, -1, -1, -1, -1]
||-:	-2.3	0.45826	[-2, -2, -2, -3, -3, -3, -2, -2, -2, -2]
}:	-2.1	0.83066	[-1, -1, -3, -2, -3, -2, -2, -1, -3, -3]
}:(	-2.0	0.63246	[-3, -1, -2, -1, -3, -2, -2, -2, -2, -2]
}:)	0.4	1.42829	[1, 1, -2, 1, 2, -2, 1, -1, 2, 1]
}:-(	-2.1	0.7	[-2, -1, -2, -2, -2, -4, -2, -2, -2, -2]
}:-)	0.3	1.61555	[1, 1, -2, 1, -1, -3, 2, 2, 1, 1]